CODE	H_AR
	0.835020171
	0.888498667
	0.758113054
	0.83344873
2611000000	0.697320909
2614000000	0.651759954
2617000000	0.580754996
2620000000	0.684600039
2623000000	0.833399223
2626000000	0.859614429
2629000000	0.831144951
2632000000	0.925590588
2635000000	0.911110656
2638000000	0.844444822
2641000000	0.80153103
2644000000	0.811630322
2647000000	0.850414885
2650000000	0.847164076
2653000000	0.863264135
2671000000	0.864039304
#N/A	0.811281029
#N/A	0.891479913
#N/A	0.574641552
#N/A	0.805038423
2711000000	0.718730457
2714000000	0.802790607
2717000000	0.57348333
2720000000	0.532940597
2723000000	0.854339612
2726000000	0.843192502
2729000000	0.877930893
2771000000	0.856836928
#N/A	0.898639974
#N/A	0.603276114
#N/A	0.142672984
#N/A	0.923088672
2811000000	0.828422333
2814000000	0.726690595
2818500000	0.970174323
2820000000	0.950061181
2823700000	0.929252895
2824500000	0.960001495
2826000000	0.945989267
#N/A	0.850994099
2871000000	0.253350612
2872000000	0.246382055
#N/A	0.8381032
2911000000	0.706941259
2914000000	0.85888126
2915500000	0.796524518
2917000000	0.846118402
2920000000	0.872495606
#N/A	0.829971321
3011000000	0.746246625
3014000000	0.763013248
3017000000	0.861868224
3020000000	0.897667621
3023000000	0.816931318
#N/A	0.816475519
#N/A	0.813545396
#N/A	0.29699148
#N/A	0.842175731
3111000000	0.771096421
3114000000	0.85332186
3117000000	0.837687749
3120000000	0.894951236
3171000000	0.720245251
3600000000	0.876642778
#N/A	0.803179364
#N/A	0.300299337
#N/A	0.994926558
#N/A	0.876642778
#N/A	0.879771263
#N/A	0.833835028
#N/A	0.388407695
#N/A	0.923841296
#N/A	0.908910668
#N/A	0.891556107
#N/A	0.910372363
#N/A	0.834100509
#N/A	0.960320061
#N/A	0.867374026
#N/A	0.709779229
#N/A	0.820946738
#N/A	0.960008068
#N/A	0.913587446
#N/A	0.940491454
#N/A	0.905100307
#N/A	0.96737931
#N/A	0.927396251
#N/A	0.941145778
#N/A	0.839001051
#N/A	0.816448153
#N/A	0.9229208
#N/A	0.924633336
#N/A	0.921080888
#N/A	0.932238918
#N/A	0.93308179
#N/A	0.901415664
#N/A	0.957660498
#N/A	0.878466833
#N/A	0.907817816
#N/A	0.922277143
#N/A	0.929302868
#N/A	0.951362964
#N/A	0.955393189
#N/A	0.948649631
#N/A	0.92139028
#N/A	0.908158707
#N/A	0.775295419
#N/A	0.945053374
#N/A	0.967216725
#N/A	0.825723969
#N/A	0.698234699
#N/A	0.705973694
#N/A	0.910506616
#N/A	0.885079168
#N/A	0.864763019
#N/A	0.861400372
#N/A	0.596823724
#N/A	0.48173516
#N/A	0.459312105
#N/A	0.405230236
#N/A	0.304899284
#N/A	0.613270023
#N/A	0.533686746
#N/A	0.298359019
#N/A	0.779228082
4211000000	0.722423796
4213000000	0.776640882
4215000000	0.642357186
4217000000	0.728743068
4219000000	0.693133047
4221000000	0.759698961
4223000000	0.548543059
4272000000	0.3443636
4273000000	0.260075629
4275000000	0.317534452
4276000000	0.398972524
4277000000	0.379763086
4278000000	0.415941942
4279000000	0.380913706
4280000000	0.386344411
4281000000	0.380974335
4282000000	0.22225021
4283000000	0.413374071
#N/A	0.656171906
#N/A	0.695484605
#N/A	0.294944359
#N/A	0.804296268
4313000000	0.6608529
4315000000	0.613035961
4311000000	0.779161316
#N/A	0.754082355
#N/A	0.790902694
#N/A	0.79527248
#N/A	0.771195082
4372000000	0.228951726
4373000000	0.332518337
4374000000	0.265246489
4375000000	0.700980904
4376000000	0.138064744
4377000000	0.609702136
4380000000	0.296445532
4374500000	0.716003398
#N/A	0.631842711
#N/A	0.666464524
#N/A	0.318765613
#N/A	0.859776717
4413000000	0.850202976
#N/A	0.78591291
#N/A	0.894176831
4415000000	0.45882119
4418000000	0.469323414
4420000000	0.794227313
4421000000	0.670161081
4423000000	0.414480137
4425000000	0.913071362
4427000000	0.631511224
4471000000	0.289951001
4476000000	0.229594417
4477000000	0.264436386
4479000000	0.175010667
4480000000	0.520035885
4481000000	0.415903654
4482500000	0.375416204
#N/A	0.606352222
#N/A	0.521002866
#N/A	0.100707501
#N/A	0.797419888
4511000000	0.814934253
#N/A	0.820492627
#N/A	0.808949878
4513000000	0.735117389
4514000000	0.685416045
4518000000	0.438818741
4519000000	0.394994995
4521000000	0.33760865
4571000000	0.489885619
4572000000	0.149614961
4573000000	0.181509603
4574000000	0.133019362
4575000000	0.163912705
4577000000	0.150970689
4579000000	0.210297202
4580000000	0.267878245
#N/A	0.482652426
#N/A	0.525750935
#N/A	0.119227305
#N/A	0.781022681
4611000000	0.757028368
4613000000	0.642069141
4615000000	0.701274087
4617000000	0.543393735
4623000000	0.756044791
4671000000	0.129672708
4672000000	0.131895018
4673000000	0.125010696
4677000000	0.165505124
4678000000	0.15716194
4679000000	0.452039961
4680000000	0.193167034
4681000000	0.178759933
4682000000	0.20676236
4683000000	0.429587742
4684000000	0.464423919
4686000000	0.08932801
4687000000	0.314257246
4688000000	0.250413091
4689000000	0.15378349
4690000000	0.130941579
4691000000	0.010894942
#N/A	0.56582254
#N/A	0.600437939
#N/A	0.174899106
#N/A	0.783748586
4711000000	0.750261642
#N/A	0.713158451
#N/A	0.780091267
4713000000	0.563193614
4715000000	0.546772003
4717000000	0.53260854
4719000000	0.822496646
4721000000	0.479442673
4723000000	0.477046926
4725000000	0.306064557
4728000000	0.331377526
4729000000	0.754567733
4772000000	0.101874491
4773000000	0.124158249
4775000000	0.190746818
4776000000	0.119921923
4777000000	0.17129528
4782000000	0.150496597
4783000000	0.330721799
4784000000	0.11738467
4785000000	0.656545455
4790000000	0.395840151
4792000000	0.185985593
4793000000	0.369271677
4794000000	0.155301794
#N/A	0.66470796
#N/A	0.697526671
#N/A	0.294837031
#N/A	0.814451138
4817000000	0.662739289
4822000000	0.615961334
4824000000	0.563488679
4825000000	0.849672056
4827000000	0.417741345
4831000000	0.75720713
4833000000	0.880250062
4812000000	0.778340532
#N/A	0.739546587
#N/A	0.918861495
#N/A	0.671199422
#N/A	0.773736313
#N/A	0.788497863
4872000000	0.154502299
4873000000	0.434243885
4874000000	0.292105169
4882000000	0.272723482
4884000000	0.123834423
4885000000	0.155783079
4886000000	0.102633755
4887000000	0.208035572
4888000000	0.34300733
4889000000	0.128696394
#N/A	0.586956434
#N/A	0.304155401
#N/A	0.17112435
#N/A	0.730148276
5011000000	0.624100088
5013000000	0.498156403
